VisuallizationHWairQualityAnalysis.R
Cameron Willliams
Sun Feb 02 18:10:07 2020
library(ggplot2)
library(reshape2)
library(tidyverse)
## -- Attaching packages ---------------------------------------- tidyverse 1.2.1 --
## v tibble  2.0.1     v purrr   0.3.0
## v tidyr   0.8.3     v dplyr   0.8.3
## v readr   1.3.1     v stringr 1.4.0
## v tibble  2.0.1     v forcats 0.4.0
## -- Conflicts ------------------------------------------- tidyverse_conflicts() --
## x dplyr::filter() masks stats::filter()
## x dplyr::lag()    masks stats::lag()
## Step 1: Loading data
air <- data.frame(airquality)
air
##     Ozone Solar.R Wind Temp Month Day
## 1      41     190  7.4   67     5   1
## 2      36     118  8.0   72     5   2
## 3      12     149 12.6   74     5   3
## 4      18     313 11.5   62     5   4
## 5      NA      NA 14.3   56     5   5
## 6      28      NA 14.9   66     5   6
## 7      23     299  8.6   65     5   7
## 8      19      99 13.8   59     5   8
## 9       8      19 20.1   61     5   9
## 10     NA     194  8.6   69     5  10
## 11      7      NA  6.9   74     5  11
## 12     16     256  9.7   69     5  12
## 13     11     290  9.2   66     5  13
## 14     14     274 10.9   68     5  14
## 15     18      65 13.2   58     5  15
## 16     14     334 11.5   64     5  16
## 17     34     307 12.0   66     5  17
## 18      6      78 18.4   57     5  18
## 19     30     322 11.5   68     5  19
## 20     11      44  9.7   62     5  20
## 21      1       8  9.7   59     5  21
## 22     11     320 16.6   73     5  22
## 23      4      25  9.7   61     5  23
## 24     32      92 12.0   61     5  24
## 25     NA      66 16.6   57     5  25
## 26     NA     266 14.9   58     5  26
## 27     NA      NA  8.0   57     5  27
## 28     23      13 12.0   67     5  28
## 29     45     252 14.9   81     5  29
## 30    115     223  5.7   79     5  30
## 31     37     279  7.4   76     5  31
## 32     NA     286  8.6   78     6   1
## 33     NA     287  9.7   74     6   2
## 34     NA     242 16.1   67     6   3
## 35     NA     186  9.2   84     6   4
## 36     NA     220  8.6   85     6   5
## 37     NA     264 14.3   79     6   6
## 38     29     127  9.7   82     6   7
## 39     NA     273  6.9   87     6   8
## 40     71     291 13.8   90     6   9
## 41     39     323 11.5   87     6  10
## 42     NA     259 10.9   93     6  11
## 43     NA     250  9.2   92     6  12
## 44     23     148  8.0   82     6  13
## 45     NA     332 13.8   80     6  14
## 46     NA     322 11.5   79     6  15
## 47     21     191 14.9   77     6  16
## 48     37     284 20.7   72     6  17
## 49     20      37  9.2   65     6  18
## 50     12     120 11.5   73     6  19
## 51     13     137 10.3   76     6  20
## 52     NA     150  6.3   77     6  21
## 53     NA      59  1.7   76     6  22
## 54     NA      91  4.6   76     6  23
## 55     NA     250  6.3   76     6  24
## 56     NA     135  8.0   75     6  25
## 57     NA     127  8.0   78     6  26
## 58     NA      47 10.3   73     6  27
## 59     NA      98 11.5   80     6  28
## 60     NA      31 14.9   77     6  29
## 61     NA     138  8.0   83     6  30
## 62    135     269  4.1   84     7   1
## 63     49     248  9.2   85     7   2
## 64     32     236  9.2   81     7   3
## 65     NA     101 10.9   84     7   4
## 66     64     175  4.6   83     7   5
## 67     40     314 10.9   83     7   6
## 68     77     276  5.1   88     7   7
## 69     97     267  6.3   92     7   8
## 70     97     272  5.7   92     7   9
## 71     85     175  7.4   89     7  10
## 72     NA     139  8.6   82     7  11
## 73     10     264 14.3   73     7  12
## 74     27     175 14.9   81     7  13
## 75     NA     291 14.9   91     7  14
## 76      7      48 14.3   80     7  15
## 77     48     260  6.9   81     7  16
## 78     35     274 10.3   82     7  17
## 79     61     285  6.3   84     7  18
## 80     79     187  5.1   87     7  19
## 81     63     220 11.5   85     7  20
## 82     16       7  6.9   74     7  21
## 83     NA     258  9.7   81     7  22
## 84     NA     295 11.5   82     7  23
## 85     80     294  8.6   86     7  24
## 86    108     223  8.0   85     7  25
## 87     20      81  8.6   82     7  26
## 88     52      82 12.0   86     7  27
## 89     82     213  7.4   88     7  28
## 90     50     275  7.4   86     7  29
## 91     64     253  7.4   83     7  30
## 92     59     254  9.2   81     7  31
## 93     39      83  6.9   81     8   1
## 94      9      24 13.8   81     8   2
## 95     16      77  7.4   82     8   3
## 96     78      NA  6.9   86     8   4
## 97     35      NA  7.4   85     8   5
## 98     66      NA  4.6   87     8   6
## 99    122     255  4.0   89     8   7
## 100    89     229 10.3   90     8   8
## 101   110     207  8.0   90     8   9
## 102    NA     222  8.6   92     8  10
## 103    NA     137 11.5   86     8  11
## 104    44     192 11.5   86     8  12
## 105    28     273 11.5   82     8  13
## 106    65     157  9.7   80     8  14
## 107    NA      64 11.5   79     8  15
## 108    22      71 10.3   77     8  16
## 109    59      51  6.3   79     8  17
## 110    23     115  7.4   76     8  18
## 111    31     244 10.9   78     8  19
## 112    44     190 10.3   78     8  20
## 113    21     259 15.5   77     8  21
## 114     9      36 14.3   72     8  22
## 115    NA     255 12.6   75     8  23
## 116    45     212  9.7   79     8  24
## 117   168     238  3.4   81     8  25
## 118    73     215  8.0   86     8  26
## 119    NA     153  5.7   88     8  27
## 120    76     203  9.7   97     8  28
## 121   118     225  2.3   94     8  29
## 122    84     237  6.3   96     8  30
## 123    85     188  6.3   94     8  31
## 124    96     167  6.9   91     9   1
## 125    78     197  5.1   92     9   2
## 126    73     183  2.8   93     9   3
## 127    91     189  4.6   93     9   4
## 128    47      95  7.4   87     9   5
## 129    32      92 15.5   84     9   6
## 130    20     252 10.9   80     9   7
## 131    23     220 10.3   78     9   8
## 132    21     230 10.9   75     9   9
## 133    24     259  9.7   73     9  10
## 134    44     236 14.9   81     9  11
## 135    21     259 15.5   76     9  12
## 136    28     238  6.3   77     9  13
## 137     9      24 10.9   71     9  14
## 138    13     112 11.5   71     9  15
## 139    46     237  6.9   78     9  16
## 140    18     224 13.8   67     9  17
## 141    13      27 10.3   76     9  18
## 142    24     238 10.3   68     9  19
## 143    16     201  8.0   82     9  20
## 144    13     238 12.6   64     9  21
## 145    23      14  9.2   71     9  22
## 146    36     139 10.3   81     9  23
## 147     7      49 10.3   69     9  24
## 148    14      20 16.6   63     9  25
## 149    30     193  6.9   70     9  26
## 150    NA     145 13.2   77     9  27
## 151    14     191 14.3   75     9  28
## 152    18     131  8.0   76     9  29
## 153    20     223 11.5   68     9  30
##Step 2: Clean the data
meanofaq <- mean(air$Ozone, na.rm = TRUE)
air$Ozone[which(is.na(air$Ozone))] <- meanofaq

meanofSolar <- mean(air$Solar.R, na.rm = TRUE)
air$Solar.R[which(is.na(air$Solar.R))] <- meanofSolar
air
##         Ozone  Solar.R Wind Temp Month Day
## 1    41.00000 190.0000  7.4   67     5   1
## 2    36.00000 118.0000  8.0   72     5   2
## 3    12.00000 149.0000 12.6   74     5   3
## 4    18.00000 313.0000 11.5   62     5   4
## 5    42.12931 185.9315 14.3   56     5   5
## 6    28.00000 185.9315 14.9   66     5   6
## 7    23.00000 299.0000  8.6   65     5   7
## 8    19.00000  99.0000 13.8   59     5   8
## 9     8.00000  19.0000 20.1   61     5   9
## 10   42.12931 194.0000  8.6   69     5  10
## 11    7.00000 185.9315  6.9   74     5  11
## 12   16.00000 256.0000  9.7   69     5  12
## 13   11.00000 290.0000  9.2   66     5  13
## 14   14.00000 274.0000 10.9   68     5  14
## 15   18.00000  65.0000 13.2   58     5  15
## 16   14.00000 334.0000 11.5   64     5  16
## 17   34.00000 307.0000 12.0   66     5  17
## 18    6.00000  78.0000 18.4   57     5  18
## 19   30.00000 322.0000 11.5   68     5  19
## 20   11.00000  44.0000  9.7   62     5  20
## 21    1.00000   8.0000  9.7   59     5  21
## 22   11.00000 320.0000 16.6   73     5  22
## 23    4.00000  25.0000  9.7   61     5  23
## 24   32.00000  92.0000 12.0   61     5  24
## 25   42.12931  66.0000 16.6   57     5  25
## 26   42.12931 266.0000 14.9   58     5  26
## 27   42.12931 185.9315  8.0   57     5  27
## 28   23.00000  13.0000 12.0   67     5  28
## 29   45.00000 252.0000 14.9   81     5  29
## 30  115.00000 223.0000  5.7   79     5  30
## 31   37.00000 279.0000  7.4   76     5  31
## 32   42.12931 286.0000  8.6   78     6   1
## 33   42.12931 287.0000  9.7   74     6   2
## 34   42.12931 242.0000 16.1   67     6   3
## 35   42.12931 186.0000  9.2   84     6   4
## 36   42.12931 220.0000  8.6   85     6   5
## 37   42.12931 264.0000 14.3   79     6   6
## 38   29.00000 127.0000  9.7   82     6   7
## 39   42.12931 273.0000  6.9   87     6   8
## 40   71.00000 291.0000 13.8   90     6   9
## 41   39.00000 323.0000 11.5   87     6  10
## 42   42.12931 259.0000 10.9   93     6  11
## 43   42.12931 250.0000  9.2   92     6  12
## 44   23.00000 148.0000  8.0   82     6  13
## 45   42.12931 332.0000 13.8   80     6  14
## 46   42.12931 322.0000 11.5   79     6  15
## 47   21.00000 191.0000 14.9   77     6  16
## 48   37.00000 284.0000 20.7   72     6  17
## 49   20.00000  37.0000  9.2   65     6  18
## 50   12.00000 120.0000 11.5   73     6  19
## 51   13.00000 137.0000 10.3   76     6  20
## 52   42.12931 150.0000  6.3   77     6  21
## 53   42.12931  59.0000  1.7   76     6  22
## 54   42.12931  91.0000  4.6   76     6  23
## 55   42.12931 250.0000  6.3   76     6  24
## 56   42.12931 135.0000  8.0   75     6  25
## 57   42.12931 127.0000  8.0   78     6  26
## 58   42.12931  47.0000 10.3   73     6  27
## 59   42.12931  98.0000 11.5   80     6  28
## 60   42.12931  31.0000 14.9   77     6  29
## 61   42.12931 138.0000  8.0   83     6  30
## 62  135.00000 269.0000  4.1   84     7   1
## 63   49.00000 248.0000  9.2   85     7   2
## 64   32.00000 236.0000  9.2   81     7   3
## 65   42.12931 101.0000 10.9   84     7   4
## 66   64.00000 175.0000  4.6   83     7   5
## 67   40.00000 314.0000 10.9   83     7   6
## 68   77.00000 276.0000  5.1   88     7   7
## 69   97.00000 267.0000  6.3   92     7   8
## 70   97.00000 272.0000  5.7   92     7   9
## 71   85.00000 175.0000  7.4   89     7  10
## 72   42.12931 139.0000  8.6   82     7  11
## 73   10.00000 264.0000 14.3   73     7  12
## 74   27.00000 175.0000 14.9   81     7  13
## 75   42.12931 291.0000 14.9   91     7  14
## 76    7.00000  48.0000 14.3   80     7  15
## 77   48.00000 260.0000  6.9   81     7  16
## 78   35.00000 274.0000 10.3   82     7  17
## 79   61.00000 285.0000  6.3   84     7  18
## 80   79.00000 187.0000  5.1   87     7  19
## 81   63.00000 220.0000 11.5   85     7  20
## 82   16.00000   7.0000  6.9   74     7  21
## 83   42.12931 258.0000  9.7   81     7  22
## 84   42.12931 295.0000 11.5   82     7  23
## 85   80.00000 294.0000  8.6   86     7  24
## 86  108.00000 223.0000  8.0   85     7  25
## 87   20.00000  81.0000  8.6   82     7  26
## 88   52.00000  82.0000 12.0   86     7  27
## 89   82.00000 213.0000  7.4   88     7  28
## 90   50.00000 275.0000  7.4   86     7  29
## 91   64.00000 253.0000  7.4   83     7  30
## 92   59.00000 254.0000  9.2   81     7  31
## 93   39.00000  83.0000  6.9   81     8   1
## 94    9.00000  24.0000 13.8   81     8   2
## 95   16.00000  77.0000  7.4   82     8   3
## 96   78.00000 185.9315  6.9   86     8   4
## 97   35.00000 185.9315  7.4   85     8   5
## 98   66.00000 185.9315  4.6   87     8   6
## 99  122.00000 255.0000  4.0   89     8   7
## 100  89.00000 229.0000 10.3   90     8   8
## 101 110.00000 207.0000  8.0   90     8   9
## 102  42.12931 222.0000  8.6   92     8  10
## 103  42.12931 137.0000 11.5   86     8  11
## 104  44.00000 192.0000 11.5   86     8  12
## 105  28.00000 273.0000 11.5   82     8  13
## 106  65.00000 157.0000  9.7   80     8  14
## 107  42.12931  64.0000 11.5   79     8  15
## 108  22.00000  71.0000 10.3   77     8  16
## 109  59.00000  51.0000  6.3   79     8  17
## 110  23.00000 115.0000  7.4   76     8  18
## 111  31.00000 244.0000 10.9   78     8  19
## 112  44.00000 190.0000 10.3   78     8  20
## 113  21.00000 259.0000 15.5   77     8  21
## 114   9.00000  36.0000 14.3   72     8  22
## 115  42.12931 255.0000 12.6   75     8  23
## 116  45.00000 212.0000  9.7   79     8  24
## 117 168.00000 238.0000  3.4   81     8  25
## 118  73.00000 215.0000  8.0   86     8  26
## 119  42.12931 153.0000  5.7   88     8  27
## 120  76.00000 203.0000  9.7   97     8  28
## 121 118.00000 225.0000  2.3   94     8  29
## 122  84.00000 237.0000  6.3   96     8  30
## 123  85.00000 188.0000  6.3   94     8  31
## 124  96.00000 167.0000  6.9   91     9   1
## 125  78.00000 197.0000  5.1   92     9   2
## 126  73.00000 183.0000  2.8   93     9   3
## 127  91.00000 189.0000  4.6   93     9   4
## 128  47.00000  95.0000  7.4   87     9   5
## 129  32.00000  92.0000 15.5   84     9   6
## 130  20.00000 252.0000 10.9   80     9   7
## 131  23.00000 220.0000 10.3   78     9   8
## 132  21.00000 230.0000 10.9   75     9   9
## 133  24.00000 259.0000  9.7   73     9  10
## 134  44.00000 236.0000 14.9   81     9  11
## 135  21.00000 259.0000 15.5   76     9  12
## 136  28.00000 238.0000  6.3   77     9  13
## 137   9.00000  24.0000 10.9   71     9  14
## 138  13.00000 112.0000 11.5   71     9  15
## 139  46.00000 237.0000  6.9   78     9  16
## 140  18.00000 224.0000 13.8   67     9  17
## 141  13.00000  27.0000 10.3   76     9  18
## 142  24.00000 238.0000 10.3   68     9  19
## 143  16.00000 201.0000  8.0   82     9  20
## 144  13.00000 238.0000 12.6   64     9  21
## 145  23.00000  14.0000  9.2   71     9  22
## 146  36.00000 139.0000 10.3   81     9  23
## 147   7.00000  49.0000 10.3   69     9  24
## 148  14.00000  20.0000 16.6   63     9  25
## 149  30.00000 193.0000  6.9   70     9  26
## 150  42.12931 145.0000 13.2   77     9  27
## 151  14.00000 191.0000 14.3   75     9  28
## 152  18.00000 131.0000  8.0   76     9  29
## 153  20.00000 223.0000 11.5   68     9  30
##Step 3: Understanding teh data distribution
##histogram(Ozone)
ggplot(air, aes(Ozone)) +
  geom_histogram()
## `stat_bin()` using `bins = 30`. Pick better value with `binwidth`.
 
##histogram(Solar.R)
ggplot(air,aes(Solar.R)) +
  geom_histogram()
## `stat_bin()` using `bins = 30`. Pick better value with `binwidth`.
 
##histogram(Wind)
ggplot(air, aes(Wind)) +
  geom_histogram()
## `stat_bin()` using `bins = 30`. Pick better value with `binwidth`.
 
##histogram(Temp)
ggplot(air, aes(Temp)) +
  geom_histogram()
## `stat_bin()` using `bins = 30`. Pick better value with `binwidth`.
 
##histogram(Month)
ggplot(air, aes(Month)) +
  geom_histogram()
## `stat_bin()` using `bins = 30`. Pick better value with `binwidth`.
 
##histogram(Day)
ggplot(air, aes(Day)) +
  geom_histogram()
## `stat_bin()` using `bins = 30`. Pick better value with `binwidth`.
 
##boxplot for Ozone and boxplots for different wind values
breaks <- c(0,5,10,15,20,25)

tags <- c("[0-5]","[5-10]","[10-15]","[15-20]","[21-25]")

group_tags <- cut(air$Wind, breaks = breaks, include.lowest = TRUE, right = FALSE, labels = tags)

summary(group_tags)
##   [0-5]  [5-10] [10-15] [15-20] [21-25] 
##      10      71      62       8       2
##creation of Ozone and Wind boxplot
ggplot(data = air, mapping = aes(x = Ozone, y = Wind)) +
  geom_jitter(aes(color = 'blue'), alpha = 0.2) +
  geom_boxplot(fill = "bisque", color = "black", alpha = 0.3) +
  labs(x = 'Ozone and Wind Boxplot') +
  guides(color = FALSE) +
  theme_minimal()
## Warning: Continuous x aesthetic -- did you forget aes(group=...)?
 
##Step 4: Explore how the data changes over time
newdates <- paste(air$Month, air$Day, "1973", sep = "/", collapse = NULL)
newdates <- as.Date(newdates, "%m/%d/%y")
newdates
##   [1] "2019-05-01" "2019-05-02" "2019-05-03" "2019-05-04" "2019-05-05"
##   [6] "2019-05-06" "2019-05-07" "2019-05-08" "2019-05-09" "2019-05-10"
##  [11] "2019-05-11" "2019-05-12" "2019-05-13" "2019-05-14" "2019-05-15"
##  [16] "2019-05-16" "2019-05-17" "2019-05-18" "2019-05-19" "2019-05-20"
##  [21] "2019-05-21" "2019-05-22" "2019-05-23" "2019-05-24" "2019-05-25"
##  [26] "2019-05-26" "2019-05-27" "2019-05-28" "2019-05-29" "2019-05-30"
##  [31] "2019-05-31" "2019-06-01" "2019-06-02" "2019-06-03" "2019-06-04"
##  [36] "2019-06-05" "2019-06-06" "2019-06-07" "2019-06-08" "2019-06-09"
##  [41] "2019-06-10" "2019-06-11" "2019-06-12" "2019-06-13" "2019-06-14"
##  [46] "2019-06-15" "2019-06-16" "2019-06-17" "2019-06-18" "2019-06-19"
##  [51] "2019-06-20" "2019-06-21" "2019-06-22" "2019-06-23" "2019-06-24"
##  [56] "2019-06-25" "2019-06-26" "2019-06-27" "2019-06-28" "2019-06-29"
##  [61] "2019-06-30" "2019-07-01" "2019-07-02" "2019-07-03" "2019-07-04"
##  [66] "2019-07-05" "2019-07-06" "2019-07-07" "2019-07-08" "2019-07-09"
##  [71] "2019-07-10" "2019-07-11" "2019-07-12" "2019-07-13" "2019-07-14"
##  [76] "2019-07-15" "2019-07-16" "2019-07-17" "2019-07-18" "2019-07-19"
##  [81] "2019-07-20" "2019-07-21" "2019-07-22" "2019-07-23" "2019-07-24"
##  [86] "2019-07-25" "2019-07-26" "2019-07-27" "2019-07-28" "2019-07-29"
##  [91] "2019-07-30" "2019-07-31" "2019-08-01" "2019-08-02" "2019-08-03"
##  [96] "2019-08-04" "2019-08-05" "2019-08-06" "2019-08-07" "2019-08-08"
## [101] "2019-08-09" "2019-08-10" "2019-08-11" "2019-08-12" "2019-08-13"
## [106] "2019-08-14" "2019-08-15" "2019-08-16" "2019-08-17" "2019-08-18"
## [111] "2019-08-19" "2019-08-20" "2019-08-21" "2019-08-22" "2019-08-23"
## [116] "2019-08-24" "2019-08-25" "2019-08-26" "2019-08-27" "2019-08-28"
## [121] "2019-08-29" "2019-08-30" "2019-08-31" "2019-09-01" "2019-09-02"
## [126] "2019-09-03" "2019-09-04" "2019-09-05" "2019-09-06" "2019-09-07"
## [131] "2019-09-08" "2019-09-09" "2019-09-10" "2019-09-11" "2019-09-12"
## [136] "2019-09-13" "2019-09-14" "2019-09-15" "2019-09-16" "2019-09-17"
## [141] "2019-09-18" "2019-09-19" "2019-09-20" "2019-09-21" "2019-09-22"
## [146] "2019-09-23" "2019-09-24" "2019-09-25" "2019-09-26" "2019-09-27"
## [151] "2019-09-28" "2019-09-29" "2019-09-30"
air$Day <- newdates
air
##         Ozone  Solar.R Wind Temp Month        Day
## 1    41.00000 190.0000  7.4   67     5 2019-05-01
## 2    36.00000 118.0000  8.0   72     5 2019-05-02
## 3    12.00000 149.0000 12.6   74     5 2019-05-03
## 4    18.00000 313.0000 11.5   62     5 2019-05-04
## 5    42.12931 185.9315 14.3   56     5 2019-05-05
## 6    28.00000 185.9315 14.9   66     5 2019-05-06
## 7    23.00000 299.0000  8.6   65     5 2019-05-07
## 8    19.00000  99.0000 13.8   59     5 2019-05-08
## 9     8.00000  19.0000 20.1   61     5 2019-05-09
## 10   42.12931 194.0000  8.6   69     5 2019-05-10
## 11    7.00000 185.9315  6.9   74     5 2019-05-11
## 12   16.00000 256.0000  9.7   69     5 2019-05-12
## 13   11.00000 290.0000  9.2   66     5 2019-05-13
## 14   14.00000 274.0000 10.9   68     5 2019-05-14
## 15   18.00000  65.0000 13.2   58     5 2019-05-15
## 16   14.00000 334.0000 11.5   64     5 2019-05-16
## 17   34.00000 307.0000 12.0   66     5 2019-05-17
## 18    6.00000  78.0000 18.4   57     5 2019-05-18
## 19   30.00000 322.0000 11.5   68     5 2019-05-19
## 20   11.00000  44.0000  9.7   62     5 2019-05-20
## 21    1.00000   8.0000  9.7   59     5 2019-05-21
## 22   11.00000 320.0000 16.6   73     5 2019-05-22
## 23    4.00000  25.0000  9.7   61     5 2019-05-23
## 24   32.00000  92.0000 12.0   61     5 2019-05-24
## 25   42.12931  66.0000 16.6   57     5 2019-05-25
## 26   42.12931 266.0000 14.9   58     5 2019-05-26
## 27   42.12931 185.9315  8.0   57     5 2019-05-27
## 28   23.00000  13.0000 12.0   67     5 2019-05-28
## 29   45.00000 252.0000 14.9   81     5 2019-05-29
## 30  115.00000 223.0000  5.7   79     5 2019-05-30
## 31   37.00000 279.0000  7.4   76     5 2019-05-31
## 32   42.12931 286.0000  8.6   78     6 2019-06-01
## 33   42.12931 287.0000  9.7   74     6 2019-06-02
## 34   42.12931 242.0000 16.1   67     6 2019-06-03
## 35   42.12931 186.0000  9.2   84     6 2019-06-04
## 36   42.12931 220.0000  8.6   85     6 2019-06-05
## 37   42.12931 264.0000 14.3   79     6 2019-06-06
## 38   29.00000 127.0000  9.7   82     6 2019-06-07
## 39   42.12931 273.0000  6.9   87     6 2019-06-08
## 40   71.00000 291.0000 13.8   90     6 2019-06-09
## 41   39.00000 323.0000 11.5   87     6 2019-06-10
## 42   42.12931 259.0000 10.9   93     6 2019-06-11
## 43   42.12931 250.0000  9.2   92     6 2019-06-12
## 44   23.00000 148.0000  8.0   82     6 2019-06-13
## 45   42.12931 332.0000 13.8   80     6 2019-06-14
## 46   42.12931 322.0000 11.5   79     6 2019-06-15
## 47   21.00000 191.0000 14.9   77     6 2019-06-16
## 48   37.00000 284.0000 20.7   72     6 2019-06-17
## 49   20.00000  37.0000  9.2   65     6 2019-06-18
## 50   12.00000 120.0000 11.5   73     6 2019-06-19
## 51   13.00000 137.0000 10.3   76     6 2019-06-20
## 52   42.12931 150.0000  6.3   77     6 2019-06-21
## 53   42.12931  59.0000  1.7   76     6 2019-06-22
## 54   42.12931  91.0000  4.6   76     6 2019-06-23
## 55   42.12931 250.0000  6.3   76     6 2019-06-24
## 56   42.12931 135.0000  8.0   75     6 2019-06-25
## 57   42.12931 127.0000  8.0   78     6 2019-06-26
## 58   42.12931  47.0000 10.3   73     6 2019-06-27
## 59   42.12931  98.0000 11.5   80     6 2019-06-28
## 60   42.12931  31.0000 14.9   77     6 2019-06-29
## 61   42.12931 138.0000  8.0   83     6 2019-06-30
## 62  135.00000 269.0000  4.1   84     7 2019-07-01
## 63   49.00000 248.0000  9.2   85     7 2019-07-02
## 64   32.00000 236.0000  9.2   81     7 2019-07-03
## 65   42.12931 101.0000 10.9   84     7 2019-07-04
## 66   64.00000 175.0000  4.6   83     7 2019-07-05
## 67   40.00000 314.0000 10.9   83     7 2019-07-06
## 68   77.00000 276.0000  5.1   88     7 2019-07-07
## 69   97.00000 267.0000  6.3   92     7 2019-07-08
## 70   97.00000 272.0000  5.7   92     7 2019-07-09
## 71   85.00000 175.0000  7.4   89     7 2019-07-10
## 72   42.12931 139.0000  8.6   82     7 2019-07-11
## 73   10.00000 264.0000 14.3   73     7 2019-07-12
## 74   27.00000 175.0000 14.9   81     7 2019-07-13
## 75   42.12931 291.0000 14.9   91     7 2019-07-14
## 76    7.00000  48.0000 14.3   80     7 2019-07-15
## 77   48.00000 260.0000  6.9   81     7 2019-07-16
## 78   35.00000 274.0000 10.3   82     7 2019-07-17
## 79   61.00000 285.0000  6.3   84     7 2019-07-18
## 80   79.00000 187.0000  5.1   87     7 2019-07-19
## 81   63.00000 220.0000 11.5   85     7 2019-07-20
## 82   16.00000   7.0000  6.9   74     7 2019-07-21
## 83   42.12931 258.0000  9.7   81     7 2019-07-22
## 84   42.12931 295.0000 11.5   82     7 2019-07-23
## 85   80.00000 294.0000  8.6   86     7 2019-07-24
## 86  108.00000 223.0000  8.0   85     7 2019-07-25
## 87   20.00000  81.0000  8.6   82     7 2019-07-26
## 88   52.00000  82.0000 12.0   86     7 2019-07-27
## 89   82.00000 213.0000  7.4   88     7 2019-07-28
## 90   50.00000 275.0000  7.4   86     7 2019-07-29
## 91   64.00000 253.0000  7.4   83     7 2019-07-30
## 92   59.00000 254.0000  9.2   81     7 2019-07-31
## 93   39.00000  83.0000  6.9   81     8 2019-08-01
## 94    9.00000  24.0000 13.8   81     8 2019-08-02
## 95   16.00000  77.0000  7.4   82     8 2019-08-03
## 96   78.00000 185.9315  6.9   86     8 2019-08-04
## 97   35.00000 185.9315  7.4   85     8 2019-08-05
## 98   66.00000 185.9315  4.6   87     8 2019-08-06
## 99  122.00000 255.0000  4.0   89     8 2019-08-07
## 100  89.00000 229.0000 10.3   90     8 2019-08-08
## 101 110.00000 207.0000  8.0   90     8 2019-08-09
## 102  42.12931 222.0000  8.6   92     8 2019-08-10
## 103  42.12931 137.0000 11.5   86     8 2019-08-11
## 104  44.00000 192.0000 11.5   86     8 2019-08-12
## 105  28.00000 273.0000 11.5   82     8 2019-08-13
## 106  65.00000 157.0000  9.7   80     8 2019-08-14
## 107  42.12931  64.0000 11.5   79     8 2019-08-15
## 108  22.00000  71.0000 10.3   77     8 2019-08-16
## 109  59.00000  51.0000  6.3   79     8 2019-08-17
## 110  23.00000 115.0000  7.4   76     8 2019-08-18
## 111  31.00000 244.0000 10.9   78     8 2019-08-19
## 112  44.00000 190.0000 10.3   78     8 2019-08-20
## 113  21.00000 259.0000 15.5   77     8 2019-08-21
## 114   9.00000  36.0000 14.3   72     8 2019-08-22
## 115  42.12931 255.0000 12.6   75     8 2019-08-23
## 116  45.00000 212.0000  9.7   79     8 2019-08-24
## 117 168.00000 238.0000  3.4   81     8 2019-08-25
## 118  73.00000 215.0000  8.0   86     8 2019-08-26
## 119  42.12931 153.0000  5.7   88     8 2019-08-27
## 120  76.00000 203.0000  9.7   97     8 2019-08-28
## 121 118.00000 225.0000  2.3   94     8 2019-08-29
## 122  84.00000 237.0000  6.3   96     8 2019-08-30
## 123  85.00000 188.0000  6.3   94     8 2019-08-31
## 124  96.00000 167.0000  6.9   91     9 2019-09-01
## 125  78.00000 197.0000  5.1   92     9 2019-09-02
## 126  73.00000 183.0000  2.8   93     9 2019-09-03
## 127  91.00000 189.0000  4.6   93     9 2019-09-04
## 128  47.00000  95.0000  7.4   87     9 2019-09-05
## 129  32.00000  92.0000 15.5   84     9 2019-09-06
## 130  20.00000 252.0000 10.9   80     9 2019-09-07
## 131  23.00000 220.0000 10.3   78     9 2019-09-08
## 132  21.00000 230.0000 10.9   75     9 2019-09-09
## 133  24.00000 259.0000  9.7   73     9 2019-09-10
## 134  44.00000 236.0000 14.9   81     9 2019-09-11
## 135  21.00000 259.0000 15.5   76     9 2019-09-12
## 136  28.00000 238.0000  6.3   77     9 2019-09-13
## 137   9.00000  24.0000 10.9   71     9 2019-09-14
## 138  13.00000 112.0000 11.5   71     9 2019-09-15
## 139  46.00000 237.0000  6.9   78     9 2019-09-16
## 140  18.00000 224.0000 13.8   67     9 2019-09-17
## 141  13.00000  27.0000 10.3   76     9 2019-09-18
## 142  24.00000 238.0000 10.3   68     9 2019-09-19
## 143  16.00000 201.0000  8.0   82     9 2019-09-20
## 144  13.00000 238.0000 12.6   64     9 2019-09-21
## 145  23.00000  14.0000  9.2   71     9 2019-09-22
## 146  36.00000 139.0000 10.3   81     9 2019-09-23
## 147   7.00000  49.0000 10.3   69     9 2019-09-24
## 148  14.00000  20.0000 16.6   63     9 2019-09-25
## 149  30.00000 193.0000  6.9   70     9 2019-09-26
## 150  42.12931 145.0000 13.2   77     9 2019-09-27
## 151  14.00000 191.0000 14.3   75     9 2019-09-28
## 152  18.00000 131.0000  8.0   76     9 2019-09-29
## 153  20.00000 223.0000 11.5   68     9 2019-09-30
meltedair <- melt(data = air,id.vars = "Day",measure.vars = c("Ozone", "Solar.R","Wind","Temp","Month"))

ggplot(data = meltedair, aes(x = Day, y = value, color = variable)) +
  geom_line()
 
##Step 5: Look at all the data via a heatmap
ggplot(data = meltedair, aes(x = Day, y = variable)) +
  geom_tile(aes(fill = value))
 
##Step 6: Scatter plot of Data
air
##         Ozone  Solar.R Wind Temp Month        Day
## 1    41.00000 190.0000  7.4   67     5 2019-05-01
## 2    36.00000 118.0000  8.0   72     5 2019-05-02
## 3    12.00000 149.0000 12.6   74     5 2019-05-03
## 4    18.00000 313.0000 11.5   62     5 2019-05-04
## 5    42.12931 185.9315 14.3   56     5 2019-05-05
## 6    28.00000 185.9315 14.9   66     5 2019-05-06
## 7    23.00000 299.0000  8.6   65     5 2019-05-07
## 8    19.00000  99.0000 13.8   59     5 2019-05-08
## 9     8.00000  19.0000 20.1   61     5 2019-05-09
## 10   42.12931 194.0000  8.6   69     5 2019-05-10
## 11    7.00000 185.9315  6.9   74     5 2019-05-11
## 12   16.00000 256.0000  9.7   69     5 2019-05-12
## 13   11.00000 290.0000  9.2   66     5 2019-05-13
## 14   14.00000 274.0000 10.9   68     5 2019-05-14
## 15   18.00000  65.0000 13.2   58     5 2019-05-15
## 16   14.00000 334.0000 11.5   64     5 2019-05-16
## 17   34.00000 307.0000 12.0   66     5 2019-05-17
## 18    6.00000  78.0000 18.4   57     5 2019-05-18
## 19   30.00000 322.0000 11.5   68     5 2019-05-19
## 20   11.00000  44.0000  9.7   62     5 2019-05-20
## 21    1.00000   8.0000  9.7   59     5 2019-05-21
## 22   11.00000 320.0000 16.6   73     5 2019-05-22
## 23    4.00000  25.0000  9.7   61     5 2019-05-23
## 24   32.00000  92.0000 12.0   61     5 2019-05-24
## 25   42.12931  66.0000 16.6   57     5 2019-05-25
## 26   42.12931 266.0000 14.9   58     5 2019-05-26
## 27   42.12931 185.9315  8.0   57     5 2019-05-27
## 28   23.00000  13.0000 12.0   67     5 2019-05-28
## 29   45.00000 252.0000 14.9   81     5 2019-05-29
## 30  115.00000 223.0000  5.7   79     5 2019-05-30
## 31   37.00000 279.0000  7.4   76     5 2019-05-31
## 32   42.12931 286.0000  8.6   78     6 2019-06-01
## 33   42.12931 287.0000  9.7   74     6 2019-06-02
## 34   42.12931 242.0000 16.1   67     6 2019-06-03
## 35   42.12931 186.0000  9.2   84     6 2019-06-04
## 36   42.12931 220.0000  8.6   85     6 2019-06-05
## 37   42.12931 264.0000 14.3   79     6 2019-06-06
## 38   29.00000 127.0000  9.7   82     6 2019-06-07
## 39   42.12931 273.0000  6.9   87     6 2019-06-08
## 40   71.00000 291.0000 13.8   90     6 2019-06-09
## 41   39.00000 323.0000 11.5   87     6 2019-06-10
## 42   42.12931 259.0000 10.9   93     6 2019-06-11
## 43   42.12931 250.0000  9.2   92     6 2019-06-12
## 44   23.00000 148.0000  8.0   82     6 2019-06-13
## 45   42.12931 332.0000 13.8   80     6 2019-06-14
## 46   42.12931 322.0000 11.5   79     6 2019-06-15
## 47   21.00000 191.0000 14.9   77     6 2019-06-16
## 48   37.00000 284.0000 20.7   72     6 2019-06-17
## 49   20.00000  37.0000  9.2   65     6 2019-06-18
## 50   12.00000 120.0000 11.5   73     6 2019-06-19
## 51   13.00000 137.0000 10.3   76     6 2019-06-20
## 52   42.12931 150.0000  6.3   77     6 2019-06-21
## 53   42.12931  59.0000  1.7   76     6 2019-06-22
## 54   42.12931  91.0000  4.6   76     6 2019-06-23
## 55   42.12931 250.0000  6.3   76     6 2019-06-24
## 56   42.12931 135.0000  8.0   75     6 2019-06-25
## 57   42.12931 127.0000  8.0   78     6 2019-06-26
## 58   42.12931  47.0000 10.3   73     6 2019-06-27
## 59   42.12931  98.0000 11.5   80     6 2019-06-28
## 60   42.12931  31.0000 14.9   77     6 2019-06-29
## 61   42.12931 138.0000  8.0   83     6 2019-06-30
## 62  135.00000 269.0000  4.1   84     7 2019-07-01
## 63   49.00000 248.0000  9.2   85     7 2019-07-02
## 64   32.00000 236.0000  9.2   81     7 2019-07-03
## 65   42.12931 101.0000 10.9   84     7 2019-07-04
## 66   64.00000 175.0000  4.6   83     7 2019-07-05
## 67   40.00000 314.0000 10.9   83     7 2019-07-06
## 68   77.00000 276.0000  5.1   88     7 2019-07-07
## 69   97.00000 267.0000  6.3   92     7 2019-07-08
## 70   97.00000 272.0000  5.7   92     7 2019-07-09
## 71   85.00000 175.0000  7.4   89     7 2019-07-10
## 72   42.12931 139.0000  8.6   82     7 2019-07-11
## 73   10.00000 264.0000 14.3   73     7 2019-07-12
## 74   27.00000 175.0000 14.9   81     7 2019-07-13
## 75   42.12931 291.0000 14.9   91     7 2019-07-14
## 76    7.00000  48.0000 14.3   80     7 2019-07-15
## 77   48.00000 260.0000  6.9   81     7 2019-07-16
## 78   35.00000 274.0000 10.3   82     7 2019-07-17
## 79   61.00000 285.0000  6.3   84     7 2019-07-18
## 80   79.00000 187.0000  5.1   87     7 2019-07-19
## 81   63.00000 220.0000 11.5   85     7 2019-07-20
## 82   16.00000   7.0000  6.9   74     7 2019-07-21
## 83   42.12931 258.0000  9.7   81     7 2019-07-22
## 84   42.12931 295.0000 11.5   82     7 2019-07-23
## 85   80.00000 294.0000  8.6   86     7 2019-07-24
## 86  108.00000 223.0000  8.0   85     7 2019-07-25
## 87   20.00000  81.0000  8.6   82     7 2019-07-26
## 88   52.00000  82.0000 12.0   86     7 2019-07-27
## 89   82.00000 213.0000  7.4   88     7 2019-07-28
## 90   50.00000 275.0000  7.4   86     7 2019-07-29
## 91   64.00000 253.0000  7.4   83     7 2019-07-30
## 92   59.00000 254.0000  9.2   81     7 2019-07-31
## 93   39.00000  83.0000  6.9   81     8 2019-08-01
## 94    9.00000  24.0000 13.8   81     8 2019-08-02
## 95   16.00000  77.0000  7.4   82     8 2019-08-03
## 96   78.00000 185.9315  6.9   86     8 2019-08-04
## 97   35.00000 185.9315  7.4   85     8 2019-08-05
## 98   66.00000 185.9315  4.6   87     8 2019-08-06
## 99  122.00000 255.0000  4.0   89     8 2019-08-07
## 100  89.00000 229.0000 10.3   90     8 2019-08-08
## 101 110.00000 207.0000  8.0   90     8 2019-08-09
## 102  42.12931 222.0000  8.6   92     8 2019-08-10
## 103  42.12931 137.0000 11.5   86     8 2019-08-11
## 104  44.00000 192.0000 11.5   86     8 2019-08-12
## 105  28.00000 273.0000 11.5   82     8 2019-08-13
## 106  65.00000 157.0000  9.7   80     8 2019-08-14
## 107  42.12931  64.0000 11.5   79     8 2019-08-15
## 108  22.00000  71.0000 10.3   77     8 2019-08-16
## 109  59.00000  51.0000  6.3   79     8 2019-08-17
## 110  23.00000 115.0000  7.4   76     8 2019-08-18
## 111  31.00000 244.0000 10.9   78     8 2019-08-19
## 112  44.00000 190.0000 10.3   78     8 2019-08-20
## 113  21.00000 259.0000 15.5   77     8 2019-08-21
## 114   9.00000  36.0000 14.3   72     8 2019-08-22
## 115  42.12931 255.0000 12.6   75     8 2019-08-23
## 116  45.00000 212.0000  9.7   79     8 2019-08-24
## 117 168.00000 238.0000  3.4   81     8 2019-08-25
## 118  73.00000 215.0000  8.0   86     8 2019-08-26
## 119  42.12931 153.0000  5.7   88     8 2019-08-27
## 120  76.00000 203.0000  9.7   97     8 2019-08-28
## 121 118.00000 225.0000  2.3   94     8 2019-08-29
## 122  84.00000 237.0000  6.3   96     8 2019-08-30
## 123  85.00000 188.0000  6.3   94     8 2019-08-31
## 124  96.00000 167.0000  6.9   91     9 2019-09-01
## 125  78.00000 197.0000  5.1   92     9 2019-09-02
## 126  73.00000 183.0000  2.8   93     9 2019-09-03
## 127  91.00000 189.0000  4.6   93     9 2019-09-04
## 128  47.00000  95.0000  7.4   87     9 2019-09-05
## 129  32.00000  92.0000 15.5   84     9 2019-09-06
## 130  20.00000 252.0000 10.9   80     9 2019-09-07
## 131  23.00000 220.0000 10.3   78     9 2019-09-08
## 132  21.00000 230.0000 10.9   75     9 2019-09-09
## 133  24.00000 259.0000  9.7   73     9 2019-09-10
## 134  44.00000 236.0000 14.9   81     9 2019-09-11
## 135  21.00000 259.0000 15.5   76     9 2019-09-12
## 136  28.00000 238.0000  6.3   77     9 2019-09-13
## 137   9.00000  24.0000 10.9   71     9 2019-09-14
## 138  13.00000 112.0000 11.5   71     9 2019-09-15
## 139  46.00000 237.0000  6.9   78     9 2019-09-16
## 140  18.00000 224.0000 13.8   67     9 2019-09-17
## 141  13.00000  27.0000 10.3   76     9 2019-09-18
## 142  24.00000 238.0000 10.3   68     9 2019-09-19
## 143  16.00000 201.0000  8.0   82     9 2019-09-20
## 144  13.00000 238.0000 12.6   64     9 2019-09-21
## 145  23.00000  14.0000  9.2   71     9 2019-09-22
## 146  36.00000 139.0000 10.3   81     9 2019-09-23
## 147   7.00000  49.0000 10.3   69     9 2019-09-24
## 148  14.00000  20.0000 16.6   63     9 2019-09-25
## 149  30.00000 193.0000  6.9   70     9 2019-09-26
## 150  42.12931 145.0000 13.2   77     9 2019-09-27
## 151  14.00000 191.0000 14.3   75     9 2019-09-28
## 152  18.00000 131.0000  8.0   76     9 2019-09-29
## 153  20.00000 223.0000 11.5   68     9 2019-09-30
ggplot(air, aes(x = Wind, y = Temp)) +
  geom_point(aes(colour = factor(Month)))
 
##Do you see any patterns in the Data?

##If I take a look at the line-chart I can see that the higher the Solar levels 
##the higher the Ozone levels, and they were particualry high between the time of 
##July and August as well as august and September.

##What was the most useful visualization?

##I think the most useful visualization was the Line chart,
##i feel that line charts are very descriptive and can tell a story very easily. 
## 